Количество чисел: 1000
Время (мс): 14.6275 ; 14.2668 ; 14.7553 ; 14.4156 ; 14.7656 ; 15.2469 ; 16.87 ; 14.736 ; 14.9242 ; 15.9118 ; 15.8099 ; 18.1195 ; 17.7943 ; 17.0904 ; 15.1719 ; 14.452 ; 15.399 ; 16.0604 ; 16.7003 ; 16.0087 ; 
Минимальное: 14.2668
Максимальное: 18.1195
Среднее: 15.6563


Количество чисел: 2000
Время (мс): 70.6183 ; 64.579 ; 72.9231 ; 64.3564 ; 62.033 ; 63.9311 ; 65.5518 ; 85.9129 ; 67.3051 ; 70.4599 ; 73.2496 ; 62.9913 ; 61.5249 ; 59.2989 ; 61.1243 ; 59.9941 ; 58.8327 ; 59.6743 ; 59.078 ; 59.3842 ; 
Минимальное: 58.8327
Максимальное: 85.9129
Среднее: 65.1411


Количество чисел: 4000
Время (мс): 236.914 ; 238.123 ; 237.443 ; 236.826 ; 232.842 ; 239.739 ; 237.333 ; 230.17 ; 231.022 ; 237.192 ; 231.964 ; 231.247 ; 234.848 ; 236.984 ; 229.053 ; 235.202 ; 232.978 ; 233.424 ; 236.24 ; 234.47 ; 
Минимальное: 229.053
Максимальное: 239.739
Среднее: 234.701


Количество чисел: 8000
Время (мс): 938.989 ; 933.231 ; 941.973 ; 939.838 ; 926.957 ; 933.112 ; 938.954 ; 956.991 ; 933.953 ; 937.167 ; 932.269 ; 926.603 ; 937.23 ; 942.363 ; 946.897 ; 942.648 ; 925.602 ; 929.245 ; 937.549 ; 939.689 ; 
Минимальное: 925.602
Максимальное: 956.991
Среднее: 937.063


Количество чисел: 16000
Время (мс): 3784.45 ; 3757.6 ; 3734.45 ; 3748.95 ; 3783.27 ; 3727.32 ; 3843.92 ; 3975.26 ; 3908.65 ; 3911.22 ; 3947.06 ; 4063.13 ; 4091.7 ; 3821.11 ; 4039.58 ; 3896.76 ; 3930.23 ; 3900.48 ; 3915.07 ; 3825.14 ; 
Минимальное: 3727.32
Максимальное: 4091.7
Среднее: 3880.27


Количество чисел: 32000
Время (мс): 15273.8 ; 15642.9 ; 15633.6 ; 15560.8 ; 16315 ; 15409.2 ; 15998.1 ; 15389.2 ; 15317 ; 15137.5 ; 15348.2 ; 15297.3 ; 14962.9 ; 15445.2 ; 15536.7 ; 15161.7 ; 15807.2 ; 15722.8 ; 15545.3 ; 15728.7 ; 
Минимальное: 14962.9
Максимальное: 16315
Среднее: 15511.6


Количество чисел: 64000
Время (мс): 63656.8 ; 59302.3 ; 58638.9 ; 57957.9 ; 58328.2 ; 58051.7 ; 58289.8 ; 58136.3 ; 58084.2 ; 57824.3 ; 58270.1 ; 58428.1 ; 58069.5 ; 58143.4 ; 58450.6 ; 58084.1 ; 58222.8 ; 58051 ; 57909.9 ; 58103.1 ; 
Минимальное: 57824.3
Максимальное: 63656.8
Среднее: 58500.1


Количество чисел: 128000
Время (мс): 232881 ; 231871 ; 232795 ; 233126 ; 232447 ; 231853 ; 232253 ; 232009 ; 232695 ; 231905 ; 232482 ; 232258 ; 232338 ; 232515 ; 232891 ; 232411 ; 231903 ; 231889 ; 232394 ; 231146 ; 
Минимальное: 231146
Максимальное: 233126
Среднее: 232303


