Тест 1
Число игр на каждую комбинацию: 10

       A\B	       000	       001	       010	       011	       100	       101	       110	       111	
       000	         0	       0.7	       0.4	       0.8	       0.5	       0.7	       0.3	       0.7	
       001	       0.5	         0	       0.1	       0.4	       0.6	       0.3	       0.5	       0.4	
       010	       0.3	       0.4	         0	       0.4	       0.2	       0.7	       0.5	       0.4	
       011	       0.7	       0.4	       0.3	         0	       0.3	       0.8	       0.2	       0.5	
       100	       0.7	       0.2	       0.4	       0.6	         0	         0	       0.4	       0.4	
       101	       0.8	       0.5	       0.5	       0.3	       0.3	         0	       0.3	       0.8	
       110	       0.5	       0.3	       0.5	       0.5	       0.3	       0.5	         0	       0.6	
       111	       0.5	       0.3	       0.4	       0.7	       0.6	       0.5	       0.6	         0	

Cуммарный средний шанс выйгрыша игрока А: 0.472727
Cуммарный средний шанс выйгрыша игрока B: 0.527273


Тест 2
Число игр на каждую комбинацию: 100

       A\B	       000	       001	       010	       011	       100	       101	       110	       111	
       000	         0	      0.45	      0.52	      0.54	      0.59	      0.46	      0.53	      0.57	
       001	      0.49	         0	      0.51	       0.5	      0.43	      0.46	      0.52	      0.55	
       010	       0.5	      0.44	         0	      0.51	      0.52	      0.52	      0.48	      0.58	
       011	      0.54	      0.47	      0.53	         0	      0.51	      0.46	      0.52	      0.47	
       100	      0.56	      0.61	      0.49	       0.5	         0	      0.53	      0.52	      0.47	
       101	      0.47	      0.52	      0.48	      0.51	      0.46	         0	      0.58	      0.55	
       110	      0.48	      0.49	      0.47	      0.51	      0.52	      0.52	         0	      0.49	
       111	       0.5	      0.52	      0.53	      0.59	      0.49	      0.49	      0.43	         0	

Cуммарный средний шанс выйгрыша игрока А: 0.508036
Cуммарный средний шанс выйгрыша игрока B: 0.491964


Тест 3
Число игр на каждую комбинацию: 1000

       A\B	       000	       001	       010	       011	       100	       101	       110	       111	
       000	         0	     0.526	     0.524	     0.478	     0.491	     0.529	     0.507	     0.477	
       001	     0.473	         0	     0.524	     0.486	     0.533	     0.483	     0.491	     0.499	
       010	     0.512	     0.483	         0	     0.501	     0.505	     0.489	     0.475	     0.489	
       011	     0.507	     0.487	     0.522	         0	     0.518	      0.53	     0.487	     0.498	
       100	     0.518	     0.496	     0.484	      0.49	         0	       0.5	     0.477	     0.502	
       101	     0.485	     0.499	     0.459	     0.472	     0.477	         0	      0.46	     0.506	
       110	     0.477	     0.473	     0.491	     0.506	     0.518	     0.476	         0	     0.511	
       111	     0.516	     0.506	     0.513	     0.493	     0.512	     0.487	     0.521	         0	

Cуммарный средний шанс выйгрыша игрока А: 0.497304
Cуммарный средний шанс выйгрыша игрока B: 0.502696


Тест 4
Число игр на каждую комбинацию: 10000

       A\B	       000	       001	       010	       011	       100	       101	       110	       111	
       000	         0	    0.4959	    0.5061	    0.5002	    0.4968	    0.5124	    0.4993	    0.4939	
       001	    0.4972	         0	    0.4971	    0.5108	    0.4964	    0.5027	    0.5036	    0.5007	
       010	    0.4939	    0.4998	         0	    0.4981	    0.5116	    0.4942	    0.4988	    0.5058	
       011	    0.4978	    0.4898	    0.4969	         0	    0.5053	    0.4912	    0.5017	    0.5062	
       100	    0.5018	    0.5021	    0.4909	    0.4999	         0	    0.5021	    0.4997	    0.5002	
       101	    0.5072	    0.4939	    0.4962	    0.5072	    0.5001	         0	    0.4901	    0.5069	
       110	    0.5021	    0.5024	    0.5025	    0.4994	    0.5031	    0.5081	         0	    0.4957	
       111	    0.5013	    0.5013	       0.5	    0.5034	    0.5046	    0.4949	    0.5109	         0	

Cуммарный средний шанс выйгрыша игрока А: 0.500575
Cуммарный средний шанс выйгрыша игрока B: 0.499425


Тест 5
Число игр на каждую комбинацию: 100000

       A\B	       000	       001	       010	       011	       100	       101	       110	       111	
       000	         0	   0.50012	   0.49975	   0.50011	    0.5002	   0.50014	   0.49989	   0.50038	
       001	   0.49976	         0	   0.50039	   0.49994	   0.49995	   0.49979	   0.50018	   0.49992	
       010	   0.49995	   0.49961	         0	   0.49997	   0.49959	   0.50029	       0.5	   0.50014	
       011	   0.49969	   0.50011	    0.5001	         0	   0.50033	   0.50033	   0.49989	   0.50006	
       100	       0.5	   0.49979	       0.5	   0.50008	         0	   0.49997	   0.50016	    0.5004	
       101	   0.50039	   0.49988	   0.49967	   0.50004	   0.49997	         0	   0.50007	   0.49989	
       110	   0.50001	   0.49988	   0.49993	   0.49999	    0.5002	   0.50003	         0	   0.49988	
       111	   0.49989	   0.50016	   0.50009	   0.50044	   0.49979	    0.4999	    0.5003	         0	

Cуммарный средний шанс выйгрыша игрока А: 0.500025
Cуммарный средний шанс выйгрыша игрока B: 0.499975


